-1.413080 -1.413080 -1.413080 -1.413080 0.000000
-1.413080 -1.413080 -1.413080 -0.706541 2.000000
-1.413080 -1.413080 -1.413080 0.000000 2.000000
-1.413080 -1.413080 -1.413080 0.706541 2.000000
-1.413080 -1.413080 -1.413080 1.413080 2.000000
-1.413080 -1.413080 -0.706541 -1.413080 2.000000
-1.413080 -1.413080 -0.706541 -0.706541 2.000000
-1.413080 -1.413080 -0.706541 0.000000 2.000000
-1.413080 -1.413080 -0.706541 0.706541 2.000000
-1.413080 -1.413080 -0.706541 1.413080 2.000000
-1.413080 -1.413080 0.000000 -1.413080 2.000000
-1.413080 -1.413080 0.000000 -0.706541 2.000000
-1.413080 -1.413080 0.000000 0.000000 2.000000
-1.413080 -1.413080 0.000000 0.706541 2.000000
-1.413080 -1.413080 0.000000 1.413080 2.000000
-1.413080 -1.413080 0.706541 -1.413080 2.000000
-1.413080 -1.413080 0.706541 -0.706541 2.000000
-1.413080 -1.413080 0.706541 0.000000 2.000000
-1.413080 -1.413080 0.706541 0.706541 2.000000
-1.413080 -1.413080 0.706541 1.413080 2.000000
-1.413080 -1.413080 1.413080 -1.413080 2.000000
-1.413080 -1.413080 1.413080 -0.706541 2.000000
-1.413080 -1.413080 1.413080 0.000000 2.000000
-1.413080 -1.413080 1.413080 0.706541 2.000000
-1.413080 -1.413080 1.413080 1.413080 2.000000
-1.413080 -0.706541 -1.413080 -1.413080 1.000000
-1.413080 -0.706541 -1.413080 -0.706541 0.000000
-1.413080 -0.706541 -1.413080 0.000000 2.000000
-1.413080 -0.706541 -1.413080 0.706541 2.000000
-1.413080 -0.706541 -1.413080 1.413080 2.000000
-1.413080 -0.706541 -0.706541 -1.413080 0.000000
-1.413080 -0.706541 -0.706541 -0.706541 2.000000
-1.413080 -0.706541 -0.706541 0.000000 2.000000
-1.413080 -0.706541 -0.706541 0.706541 2.000000
-1.413080 -0.706541 -0.706541 1.413080 2.000000
-1.413080 -0.706541 0.000000 -1.413080 2.000000
-1.413080 -0.706541 0.000000 -0.706541 2.000000
-1.413080 -0.706541 0.000000 0.000000 2.000000
-1.413080 -0.706541 0.000000 0.706541 2.000000
-1.413080 -0.706541 0.000000 1.413080 2.000000
-1.413080 -0.706541 0.706541 -1.413080 2.000000
-1.413080 -0.706541 0.706541 -0.706541 2.000000
-1.413080 -0.706541 0.706541 0.000000 2.000000
-1.413080 -0.706541 0.706541 0.706541 2.000000
-1.413080 -0.706541 0.706541 1.413080 2.000000
-1.413080 -0.706541 1.413080 -1.413080 2.000000
-1.413080 -0.706541 1.413080 -0.706541 2.000000
-1.413080 -0.706541 1.413080 0.000000 2.000000
-1.413080 -0.706541 1.413080 0.706541 2.000000
-1.413080 -0.706541 1.413080 1.413080 2.000000
-1.413080 0.000000 -1.413080 -1.413080 1.000000
-1.413080 0.000000 -1.413080 -0.706541 1.000000
-1.413080 0.000000 -1.413080 0.000000 0.000000
-1.413080 0.000000 -1.413080 0.706541 2.000000
-1.413080 0.000000 -1.413080 1.413080 2.000000
-1.413080 0.000000 -0.706541 -1.413080 1.000000
-1.413080 0.000000 -0.706541 -0.706541 2.000000
-1.413080 0.000000 -0.706541 0.000000 2.000000
-1.413080 0.000000 -0.706541 0.706541 2.000000
-1.413080 0.000000 -0.706541 1.413080 2.000000
-1.413080 0.000000 0.000000 -1.413080 0.000000
-1.413080 0.000000 0.000000 -0.706541 2.000000
-1.413080 0.000000 0.000000 0.000000 2.000000
-1.413080 0.000000 0.000000 0.706541 2.000000
-1.413080 0.000000 0.000000 1.413080 2.000000
-1.413080 0.000000 0.706541 -1.413080 2.000000
-1.413080 0.000000 0.706541 -0.706541 2.000000
-1.413080 0.000000 0.706541 0.000000 2.000000
-1.413080 0.000000 0.706541 0.706541 2.000000
-1.413080 0.000000 0.706541 1.413080 2.000000
-1.413080 0.000000 1.413080 -1.413080 2.000000
-1.413080 0.000000 1.413080 -0.706541 2.000000
-1.413080 0.000000 1.413080 0.000000 2.000000
-1.413080 0.000000 1.413080 0.706541 2.000000
-1.413080 0.000000 1.413080 1.413080 2.000000
-1.413080 0.706541 -1.413080 -1.413080 1.000000
-1.413080 0.706541 -1.413080 -0.706541 1.000000
-1.413080 0.706541 -1.413080 0.000000 1.000000
-1.413080 0.706541 -1.413080 0.706541 0.000000
-1.413080 0.706541 -1.413080 1.413080 2.000000
-1.413080 0.706541 -0.706541 -1.413080 1.000000
-1.413080 0.706541 -0.706541 -0.706541 0.000000
-1.413080 0.706541 -0.706541 0.000000 2.000000
-1.413080 0.706541 -0.706541 0.706541 2.000000
-1.413080 0.706541 -0.706541 1.413080 2.000000
-1.413080 0.706541 0.000000 -1.413080 1.000000
-1.413080 0.706541 0.000000 -0.706541 2.000000
-1.413080 0.706541 0.000000 0.000000 2.000000
-1.413080 0.706541 0.000000 0.706541 2.000000
-1.413080 0.706541 0.000000 1.413080 2.000000
-1.413080 0.706541 0.706541 -1.413080 0.000000
-1.413080 0.706541 0.706541 -0.706541 2.000000
-1.413080 0.706541 0.706541 0.000000 2.000000
-1.413080 0.706541 0.706541 0.706541 2.000000
-1.413080 0.706541 0.706541 1.413080 2.000000
-1.413080 0.706541 1.413080 -1.413080 2.000000
-1.413080 0.706541 1.413080 -0.706541 2.000000
-1.413080 0.706541 1.413080 0.000000 2.000000
-1.413080 0.706541 1.413080 0.706541 2.000000
-1.413080 0.706541 1.413080 1.413080 2.000000
-1.413080 1.413080 -1.413080 -1.413080 1.000000
-1.413080 1.413080 -1.413080 -0.706541 1.000000
-1.413080 1.413080 -1.413080 0.000000 1.000000
-1.413080 1.413080 -1.413080 0.706541 1.000000
-1.413080 1.413080 -1.413080 1.413080 0.000000
-1.413080 1.413080 -0.706541 -1.413080 1.000000
-1.413080 1.413080 -0.706541 -0.706541 1.000000
-1.413080 1.413080 -0.706541 0.000000 2.000000
-1.413080 1.413080 -0.706541 0.706541 2.000000
-1.413080 1.413080 -0.706541 1.413080 2.000000
-1.413080 1.413080 0.000000 -1.413080 1.000000
-1.413080 1.413080 0.000000 -0.706541 2.000000
-1.413080 1.413080 0.000000 0.000000 2.000000
-1.413080 1.413080 0.000000 0.706541 2.000000
-1.413080 1.413080 0.000000 1.413080 2.000000
-1.413080 1.413080 0.706541 -1.413080 1.000000
-1.413080 1.413080 0.706541 -0.706541 2.000000
-1.413080 1.413080 0.706541 0.000000 2.000000
-1.413080 1.413080 0.706541 0.706541 2.000000
-1.413080 1.413080 0.706541 1.413080 2.000000
-1.413080 1.413080 1.413080 -1.413080 0.000000
-1.413080 1.413080 1.413080 -0.706541 2.000000
-1.413080 1.413080 1.413080 0.000000 2.000000
-1.413080 1.413080 1.413080 0.706541 2.000000
-1.413080 1.413080 1.413080 1.413080 2.000000
-0.706541 -1.413080 -1.413080 -1.413080 1.000000
-0.706541 -1.413080 -1.413080 -0.706541 0.000000
-0.706541 -1.413080 -1.413080 0.000000 2.000000
-0.706541 -1.413080 -1.413080 0.706541 2.000000
-0.706541 -1.413080 -1.413080 1.413080 2.000000
-0.706541 -1.413080 -0.706541 -1.413080 0.000000
-0.706541 -1.413080 -0.706541 -0.706541 2.000000
-0.706541 -1.413080 -0.706541 0.000000 2.000000
-0.706541 -1.413080 -0.706541 0.706541 2.000000
-0.706541 -1.413080 -0.706541 1.413080 2.000000
-0.706541 -1.413080 0.000000 -1.413080 2.000000
-0.706541 -1.413080 0.000000 -0.706541 2.000000
-0.706541 -1.413080 0.000000 0.000000 2.000000
-0.706541 -1.413080 0.000000 0.706541 2.000000
-0.706541 -1.413080 0.000000 1.413080 2.000000
-0.706541 -1.413080 0.706541 -1.413080 2.000000
-0.706541 -1.413080 0.706541 -0.706541 2.000000
-0.706541 -1.413080 0.706541 0.000000 2.000000
-0.706541 -1.413080 0.706541 0.706541 2.000000
-0.706541 -1.413080 0.706541 1.413080 2.000000
-0.706541 -1.413080 1.413080 -1.413080 2.000000
-0.706541 -1.413080 1.413080 -0.706541 2.000000
-0.706541 -1.413080 1.413080 0.000000 2.000000
-0.706541 -1.413080 1.413080 0.706541 2.000000
-0.706541 -1.413080 1.413080 1.413080 2.000000
-0.706541 -0.706541 -1.413080 -1.413080 1.000000
-0.706541 -0.706541 -1.413080 -0.706541 1.000000
-0.706541 -0.706541 -1.413080 0.000000 1.000000
-0.706541 -0.706541 -1.413080 0.706541 0.000000
-0.706541 -0.706541 -1.413080 1.413080 2.000000
-0.706541 -0.706541 -0.706541 -1.413080 1.000000
-0.706541 -0.706541 -0.706541 -0.706541 0.000000
-0.706541 -0.706541 -0.706541 0.000000 2.000000
-0.706541 -0.706541 -0.706541 0.706541 2.000000
-0.706541 -0.706541 -0.706541 1.413080 2.000000
-0.706541 -0.706541 0.000000 -1.413080 1.000000
-0.706541 -0.706541 0.000000 -0.706541 2.000000
-0.706541 -0.706541 0.000000 0.000000 2.000000
-0.706541 -0.706541 0.000000 0.706541 2.000000
-0.706541 -0.706541 0.000000 1.413080 2.000000
-0.706541 -0.706541 0.706541 -1.413080 0.000000
-0.706541 -0.706541 0.706541 -0.706541 2.000000
-0.706541 -0.706541 0.706541 0.000000 2.000000
-0.706541 -0.706541 0.706541 0.706541 2.000000
-0.706541 -0.706541 0.706541 1.413080 2.000000
-0.706541 -0.706541 1.413080 -1.413080 2.000000
-0.706541 -0.706541 1.413080 -0.706541 2.000000
-0.706541 -0.706541 1.413080 0.000000 2.000000
-0.706541 -0.706541 1.413080 0.706541 2.000000
-0.706541 -0.706541 1.413080 1.413080 2.000000
-0.706541 0.000000 -1.413080 -1.413080 1.000000
-0.706541 0.000000 -1.413080 -0.706541 1.000000
-0.706541 0.000000 -1.413080 0.000000 1.000000
-0.706541 0.000000 -1.413080 0.706541 1.000000
-0.706541 0.000000 -1.413080 1.413080 1.000000
-0.706541 0.000000 -0.706541 -1.413080 1.000000
-0.706541 0.000000 -0.706541 -0.706541 1.000000
-0.706541 0.000000 -0.706541 0.000000 0.000000
-0.706541 0.000000 -0.706541 0.706541 2.000000
-0.706541 0.000000 -0.706541 1.413080 2.000000
-0.706541 0.000000 0.000000 -1.413080 1.000000
-0.706541 0.000000 0.000000 -0.706541 0.000000
-0.706541 0.000000 0.000000 0.000000 2.000000
-0.706541 0.000000 0.000000 0.706541 2.000000
-0.706541 0.000000 0.000000 1.413080 2.000000
-0.706541 0.000000 0.706541 -1.413080 1.000000
-0.706541 0.000000 0.706541 -0.706541 2.000000
-0.706541 0.000000 0.706541 0.000000 2.000000
-0.706541 0.000000 0.706541 0.706541 2.000000
-0.706541 0.000000 0.706541 1.413080 2.000000
-0.706541 0.000000 1.413080 -1.413080 1.000000
-0.706541 0.000000 1.413080 -0.706541 2.000000
-0.706541 0.000000 1.413080 0.000000 2.000000
-0.706541 0.000000 1.413080 0.706541 2.000000
-0.706541 0.000000 1.413080 1.413080 2.000000
-0.706541 0.706541 -1.413080 -1.413080 1.000000
-0.706541 0.706541 -1.413080 -0.706541 1.000000
-0.706541 0.706541 -1.413080 0.000000 1.000000
-0.706541 0.706541 -1.413080 0.706541 1.000000
-0.706541 0.706541 -1.413080 1.413080 1.000000
-0.706541 0.706541 -0.706541 -1.413080 1.000000
-0.706541 0.706541 -0.706541 -0.706541 1.000000
-0.706541 0.706541 -0.706541 0.000000 1.000000
-0.706541 0.706541 -0.706541 0.706541 0.000000
-0.706541 0.706541 -0.706541 1.413080 2.000000
-0.706541 0.706541 0.000000 -1.413080 1.000000
-0.706541 0.706541 0.000000 -0.706541 1.000000
-0.706541 0.706541 0.000000 0.000000 2.000000
-0.706541 0.706541 0.000000 0.706541 2.000000
-0.706541 0.706541 0.000000 1.413080 2.000000
-0.706541 0.706541 0.706541 -1.413080 1.000000
-0.706541 0.706541 0.706541 -0.706541 0.000000
-0.706541 0.706541 0.706541 0.000000 2.000000
-0.706541 0.706541 0.706541 0.706541 2.000000
-0.706541 0.706541 0.706541 1.413080 2.000000
-0.706541 0.706541 1.413080 -1.413080 1.000000
-0.706541 0.706541 1.413080 -0.706541 2.000000
-0.706541 0.706541 1.413080 0.000000 2.000000
-0.706541 0.706541 1.413080 0.706541 2.000000
-0.706541 0.706541 1.413080 1.413080 2.000000
-0.706541 1.413080 -1.413080 -1.413080 1.000000
-0.706541 1.413080 -1.413080 -0.706541 1.000000
-0.706541 1.413080 -1.413080 0.000000 1.000000
-0.706541 1.413080 -1.413080 0.706541 1.000000
-0.706541 1.413080 -1.413080 1.413080 1.000000
-0.706541 1.413080 -0.706541 -1.413080 1.000000
-0.706541 1.413080 -0.706541 -0.706541 1.000000
-0.706541 1.413080 -0.706541 0.000000 1.000000
-0.706541 1.413080 -0.706541 0.706541 1.000000
-0.706541 1.413080 -0.706541 1.413080 0.000000
-0.706541 1.413080 0.000000 -1.413080 1.000000
-0.706541 1.413080 0.000000 -0.706541 1.000000
-0.706541 1.413080 0.000000 0.000000 1.000000
-0.706541 1.413080 0.000000 0.706541 2.000000
-0.706541 1.413080 0.000000 1.413080 2.000000
-0.706541 1.413080 0.706541 -1.413080 1.000000
-0.706541 1.413080 0.706541 -0.706541 1.000000
-0.706541 1.413080 0.706541 0.000000 2.000000
-0.706541 1.413080 0.706541 0.706541 2.000000
-0.706541 1.413080 0.706541 1.413080 2.000000
-0.706541 1.413080 1.413080 -1.413080 1.000000
-0.706541 1.413080 1.413080 -0.706541 0.000000
-0.706541 1.413080 1.413080 0.000000 2.000000
-0.706541 1.413080 1.413080 0.706541 2.000000
-0.706541 1.413080 1.413080 1.413080 2.000000
0.000000 -1.413080 -1.413080 -1.413080 1.000000
0.000000 -1.413080 -1.413080 -0.706541 1.000000
0.000000 -1.413080 -1.413080 0.000000 0.000000
0.000000 -1.413080 -1.413080 0.706541 2.000000
0.000000 -1.413080 -1.413080 1.413080 2.000000
0.000000 -1.413080 -0.706541 -1.413080 1.000000
0.000000 -1.413080 -0.706541 -0.706541 2.000000
0.000000 -1.413080 -0.706541 0.000000 2.000000
0.000000 -1.413080 -0.706541 0.706541 2.000000
0.000000 -1.413080 -0.706541 1.413080 2.000000
0.000000 -1.413080 0.000000 -1.413080 0.000000
0.000000 -1.413080 0.000000 -0.706541 2.000000
0.000000 -1.413080 0.000000 0.000000 2.000000
0.000000 -1.413080 0.000000 0.706541 2.000000
0.000000 -1.413080 0.000000 1.413080 2.000000
0.000000 -1.413080 0.706541 -1.413080 2.000000
0.000000 -1.413080 0.706541 -0.706541 2.000000
0.000000 -1.413080 0.706541 0.000000 2.000000
0.000000 -1.413080 0.706541 0.706541 2.000000
0.000000 -1.413080 0.706541 1.413080 2.000000
0.000000 -1.413080 1.413080 -1.413080 2.000000
0.000000 -1.413080 1.413080 -0.706541 2.000000
0.000000 -1.413080 1.413080 0.000000 2.000000
0.000000 -1.413080 1.413080 0.706541 2.000000
0.000000 -1.413080 1.413080 1.413080 2.000000
0.000000 -0.706541 -1.413080 -1.413080 1.000000
0.000000 -0.706541 -1.413080 -0.706541 1.000000
0.000000 -0.706541 -1.413080 0.000000 1.000000
0.000000 -0.706541 -1.413080 0.706541 1.000000
0.000000 -0.706541 -1.413080 1.413080 1.000000
0.000000 -0.706541 -0.706541 -1.413080 1.000000
0.000000 -0.706541 -0.706541 -0.706541 1.000000
0.000000 -0.706541 -0.706541 0.000000 0.000000
0.000000 -0.706541 -0.706541 0.706541 2.000000
0.000000 -0.706541 -0.706541 1.413080 2.000000
0.000000 -0.706541 0.000000 -1.413080 1.000000
0.000000 -0.706541 0.000000 -0.706541 0.000000
0.000000 -0.706541 0.000000 0.000000 2.000000
0.000000 -0.706541 0.000000 0.706541 2.000000
0.000000 -0.706541 0.000000 1.413080 2.000000
0.000000 -0.706541 0.706541 -1.413080 1.000000
0.000000 -0.706541 0.706541 -0.706541 2.000000
0.000000 -0.706541 0.706541 0.000000 2.000000
0.000000 -0.706541 0.706541 0.706541 2.000000
0.000000 -0.706541 0.706541 1.413080 2.000000
0.000000 -0.706541 1.413080 -1.413080 1.000000
0.000000 -0.706541 1.413080 -0.706541 2.000000
0.000000 -0.706541 1.413080 0.000000 2.000000
0.000000 -0.706541 1.413080 0.706541 2.000000
0.000000 -0.706541 1.413080 1.413080 2.000000
0.000000 0.000000 -1.413080 -1.413080 1.000000
0.000000 0.000000 -1.413080 -0.706541 1.000000
0.000000 0.000000 -1.413080 0.000000 1.000000
0.000000 0.000000 -1.413080 0.706541 1.000000
0.000000 0.000000 -1.413080 1.413080 1.000000
0.000000 0.000000 -0.706541 -1.413080 1.000000
0.000000 0.000000 -0.706541 -0.706541 1.000000
0.000000 0.000000 -0.706541 0.000000 1.000000
0.000000 0.000000 -0.706541 0.706541 1.000000
0.000000 0.000000 -0.706541 1.413080 2.000000
0.000000 0.000000 0.000000 -1.413080 1.000000
0.000000 0.000000 0.000000 -0.706541 1.000000
0.000000 0.000000 0.000000 0.000000 0.000000
0.000000 0.000000 0.000000 0.706541 2.000000
0.000000 0.000000 0.000000 1.413080 2.000000
0.000000 0.000000 0.706541 -1.413080 1.000000
0.000000 0.000000 0.706541 -0.706541 1.000000
0.000000 0.000000 0.706541 0.000000 2.000000
0.000000 0.000000 0.706541 0.706541 2.000000
0.000000 0.000000 0.706541 1.413080 2.000000
0.000000 0.000000 1.413080 -1.413080 1.000000
0.000000 0.000000 1.413080 -0.706541 2.000000
0.000000 0.000000 1.413080 0.000000 2.000000
0.000000 0.000000 1.413080 0.706541 2.000000
0.000000 0.000000 1.413080 1.413080 2.000000
0.000000 0.706541 -1.413080 -1.413080 1.000000
0.000000 0.706541 -1.413080 -0.706541 1.000000
0.000000 0.706541 -1.413080 0.000000 1.000000
0.000000 0.706541 -1.413080 0.706541 1.000000
0.000000 0.706541 -1.413080 1.413080 1.000000
0.000000 0.706541 -0.706541 -1.413080 1.000000
0.000000 0.706541 -0.706541 -0.706541 1.000000
0.000000 0.706541 -0.706541 0.000000 1.000000
0.000000 0.706541 -0.706541 0.706541 1.000000
0.000000 0.706541 -0.706541 1.413080 1.000000
0.000000 0.706541 0.000000 -1.413080 1.000000
0.000000 0.706541 0.000000 -0.706541 1.000000
0.000000 0.706541 0.000000 0.000000 1.000000
0.000000 0.706541 0.000000 0.706541 0.000000
0.000000 0.706541 0.000000 1.413080 2.000000
0.000000 0.706541 0.706541 -1.413080 1.000000
0.000000 0.706541 0.706541 -0.706541 1.000000
0.000000 0.706541 0.706541 0.000000 0.000000
0.000000 0.706541 0.706541 0.706541 2.000000
0.000000 0.706541 0.706541 1.413080 2.000000
0.000000 0.706541 1.413080 -1.413080 1.000000
0.000000 0.706541 1.413080 -0.706541 1.000000
0.000000 0.706541 1.413080 0.000000 2.000000
0.000000 0.706541 1.413080 0.706541 2.000000
0.000000 0.706541 1.413080 1.413080 2.000000
0.000000 1.413080 -1.413080 -1.413080 1.000000
0.000000 1.413080 -1.413080 -0.706541 1.000000
0.000000 1.413080 -1.413080 0.000000 1.000000
0.000000 1.413080 -1.413080 0.706541 1.000000
0.000000 1.413080 -1.413080 1.413080 1.000000
0.000000 1.413080 -0.706541 -1.413080 1.000000
0.000000 1.413080 -0.706541 -0.706541 1.000000
0.000000 1.413080 -0.706541 0.000000 1.000000
0.000000 1.413080 -0.706541 0.706541 1.000000
0.000000 1.413080 -0.706541 1.413080 1.000000
0.000000 1.413080 0.000000 -1.413080 1.000000
0.000000 1.413080 0.000000 -0.706541 1.000000
0.000000 1.413080 0.000000 0.000000 1.000000
0.000000 1.413080 0.000000 0.706541 1.000000
0.000000 1.413080 0.000000 1.413080 0.000000
0.000000 1.413080 0.706541 -1.413080 1.000000
0.000000 1.413080 0.706541 -0.706541 1.000000
0.000000 1.413080 0.706541 0.000000 1.000000
0.000000 1.413080 0.706541 0.706541 2.000000
0.000000 1.413080 0.706541 1.413080 2.000000
0.000000 1.413080 1.413080 -1.413080 1.000000
0.000000 1.413080 1.413080 -0.706541 1.000000
0.000000 1.413080 1.413080 0.000000 0.000000
0.000000 1.413080 1.413080 0.706541 2.000000
0.000000 1.413080 1.413080 1.413080 2.000000
0.706541 -1.413080 -1.413080 -1.413080 1.000000
0.706541 -1.413080 -1.413080 -0.706541 1.000000
0.706541 -1.413080 -1.413080 0.000000 1.000000
0.706541 -1.413080 -1.413080 0.706541 0.000000
0.706541 -1.413080 -1.413080 1.413080 2.000000
0.706541 -1.413080 -0.706541 -1.413080 1.000000
0.706541 -1.413080 -0.706541 -0.706541 0.000000
0.706541 -1.413080 -0.706541 0.000000 2.000000
0.706541 -1.413080 -0.706541 0.706541 2.000000
0.706541 -1.413080 -0.706541 1.413080 2.000000
0.706541 -1.413080 0.000000 -1.413080 1.000000
0.706541 -1.413080 0.000000 -0.706541 2.000000
0.706541 -1.413080 0.000000 0.000000 2.000000
0.706541 -1.413080 0.000000 0.706541 2.000000
0.706541 -1.413080 0.000000 1.413080 2.000000
0.706541 -1.413080 0.706541 -1.413080 0.000000
0.706541 -1.413080 0.706541 -0.706541 2.000000
0.706541 -1.413080 0.706541 0.000000 2.000000
0.706541 -1.413080 0.706541 0.706541 2.000000
0.706541 -1.413080 0.706541 1.413080 2.000000
0.706541 -1.413080 1.413080 -1.413080 2.000000
0.706541 -1.413080 1.413080 -0.706541 2.000000
0.706541 -1.413080 1.413080 0.000000 2.000000
0.706541 -1.413080 1.413080 0.706541 2.000000
0.706541 -1.413080 1.413080 1.413080 2.000000
0.706541 -0.706541 -1.413080 -1.413080 1.000000
0.706541 -0.706541 -1.413080 -0.706541 1.000000
0.706541 -0.706541 -1.413080 0.000000 1.000000
0.706541 -0.706541 -1.413080 0.706541 1.000000
0.706541 -0.706541 -1.413080 1.413080 1.000000
0.706541 -0.706541 -0.706541 -1.413080 1.000000
0.706541 -0.706541 -0.706541 -0.706541 1.000000
0.706541 -0.706541 -0.706541 0.000000 1.000000
0.706541 -0.706541 -0.706541 0.706541 0.000000
0.706541 -0.706541 -0.706541 1.413080 2.000000
0.706541 -0.706541 0.000000 -1.413080 1.000000
0.706541 -0.706541 0.000000 -0.706541 1.000000
0.706541 -0.706541 0.000000 0.000000 2.000000
0.706541 -0.706541 0.000000 0.706541 2.000000
0.706541 -0.706541 0.000000 1.413080 2.000000
0.706541 -0.706541 0.706541 -1.413080 1.000000
0.706541 -0.706541 0.706541 -0.706541 0.000000
0.706541 -0.706541 0.706541 0.000000 2.000000
0.706541 -0.706541 0.706541 0.706541 2.000000
0.706541 -0.706541 0.706541 1.413080 2.000000
0.706541 -0.706541 1.413080 -1.413080 1.000000
0.706541 -0.706541 1.413080 -0.706541 2.000000
0.706541 -0.706541 1.413080 0.000000 2.000000
0.706541 -0.706541 1.413080 0.706541 2.000000
0.706541 -0.706541 1.413080 1.413080 2.000000
0.706541 0.000000 -1.413080 -1.413080 1.000000
0.706541 0.000000 -1.413080 -0.706541 1.000000
0.706541 0.000000 -1.413080 0.000000 1.000000
0.706541 0.000000 -1.413080 0.706541 1.000000
0.706541 0.000000 -1.413080 1.413080 1.000000
0.706541 0.000000 -0.706541 -1.413080 1.000000
0.706541 0.000000 -0.706541 -0.706541 1.000000
0.706541 0.000000 -0.706541 0.000000 1.000000
0.706541 0.000000 -0.706541 0.706541 1.000000
0.706541 0.000000 -0.706541 1.413080 1.000000
0.706541 0.000000 0.000000 -1.413080 1.000000
0.706541 0.000000 0.000000 -0.706541 1.000000
0.706541 0.000000 0.000000 0.000000 1.000000
0.706541 0.000000 0.000000 0.706541 0.000000
0.706541 0.000000 0.000000 1.413080 2.000000
0.706541 0.000000 0.706541 -1.413080 1.000000
0.706541 0.000000 0.706541 -0.706541 1.000000
0.706541 0.000000 0.706541 0.000000 0.000000
0.706541 0.000000 0.706541 0.706541 2.000000
0.706541 0.000000 0.706541 1.413080 2.000000
0.706541 0.000000 1.413080 -1.413080 1.000000
0.706541 0.000000 1.413080 -0.706541 1.000000
0.706541 0.000000 1.413080 0.000000 2.000000
0.706541 0.000000 1.413080 0.706541 2.000000
0.706541 0.000000 1.413080 1.413080 2.000000
0.706541 0.706541 -1.413080 -1.413080 1.000000
0.706541 0.706541 -1.413080 -0.706541 1.000000
0.706541 0.706541 -1.413080 0.000000 1.000000
0.706541 0.706541 -1.413080 0.706541 1.000000
0.706541 0.706541 -1.413080 1.413080 1.000000
0.706541 0.706541 -0.706541 -1.413080 1.000000
0.706541 0.706541 -0.706541 -0.706541 1.000000
0.706541 0.706541 -0.706541 0.000000 1.000000
0.706541 0.706541 -0.706541 0.706541 1.000000
0.706541 0.706541 -0.706541 1.413080 1.000000
0.706541 0.706541 0.000000 -1.413080 1.000000
0.706541 0.706541 0.000000 -0.706541 1.000000
0.706541 0.706541 0.000000 0.000000 1.000000
0.706541 0.706541 0.000000 0.706541 1.000000
0.706541 0.706541 0.000000 1.413080 1.000000
0.706541 0.706541 0.706541 -1.413080 1.000000
0.706541 0.706541 0.706541 -0.706541 1.000000
0.706541 0.706541 0.706541 0.000000 1.000000
0.706541 0.706541 0.706541 0.706541 0.000000
0.706541 0.706541 0.706541 1.413080 2.000000
0.706541 0.706541 1.413080 -1.413080 1.000000
0.706541 0.706541 1.413080 -0.706541 1.000000
0.706541 0.706541 1.413080 0.000000 1.000000
0.706541 0.706541 1.413080 0.706541 2.000000
0.706541 0.706541 1.413080 1.413080 2.000000
0.706541 1.413080 -1.413080 -1.413080 1.000000
0.706541 1.413080 -1.413080 -0.706541 1.000000
0.706541 1.413080 -1.413080 0.000000 1.000000
0.706541 1.413080 -1.413080 0.706541 1.000000
0.706541 1.413080 -1.413080 1.413080 1.000000
0.706541 1.413080 -0.706541 -1.413080 1.000000
0.706541 1.413080 -0.706541 -0.706541 1.000000
0.706541 1.413080 -0.706541 0.000000 1.000000
0.706541 1.413080 -0.706541 0.706541 1.000000
0.706541 1.413080 -0.706541 1.413080 1.000000
0.706541 1.413080 0.000000 -1.413080 1.000000
0.706541 1.413080 0.000000 -0.706541 1.000000
0.706541 1.413080 0.000000 0.000000 1.000000
0.706541 1.413080 0.000000 0.706541 1.000000
0.706541 1.413080 0.000000 1.413080 1.000000
0.706541 1.413080 0.706541 -1.413080 1.000000
0.706541 1.413080 0.706541 -0.706541 1.000000
0.706541 1.413080 0.706541 0.000000 1.000000
0.706541 1.413080 0.706541 0.706541 1.000000
0.706541 1.413080 0.706541 1.413080 0.000000
0.706541 1.413080 1.413080 -1.413080 1.000000
0.706541 1.413080 1.413080 -0.706541 1.000000
0.706541 1.413080 1.413080 0.000000 1.000000
0.706541 1.413080 1.413080 0.706541 0.000000
0.706541 1.413080 1.413080 1.413080 2.000000
1.413080 -1.413080 -1.413080 -1.413080 1.000000
1.413080 -1.413080 -1.413080 -0.706541 1.000000
1.413080 -1.413080 -1.413080 0.000000 1.000000
1.413080 -1.413080 -1.413080 0.706541 1.000000
1.413080 -1.413080 -1.413080 1.413080 0.000000
1.413080 -1.413080 -0.706541 -1.413080 1.000000
1.413080 -1.413080 -0.706541 -0.706541 1.000000
1.413080 -1.413080 -0.706541 0.000000 2.000000
1.413080 -1.413080 -0.706541 0.706541 2.000000
1.413080 -1.413080 -0.706541 1.413080 2.000000
1.413080 -1.413080 0.000000 -1.413080 1.000000
1.413080 -1.413080 0.000000 -0.706541 2.000000
1.413080 -1.413080 0.000000 0.000000 2.000000
1.413080 -1.413080 0.000000 0.706541 2.000000
1.413080 -1.413080 0.000000 1.413080 2.000000
1.413080 -1.413080 0.706541 -1.413080 1.000000
1.413080 -1.413080 0.706541 -0.706541 2.000000
1.413080 -1.413080 0.706541 0.000000 2.000000
1.413080 -1.413080 0.706541 0.706541 2.000000
1.413080 -1.413080 0.706541 1.413080 2.000000
1.413080 -1.413080 1.413080 -1.413080 0.000000
1.413080 -1.413080 1.413080 -0.706541 2.000000
1.413080 -1.413080 1.413080 0.000000 2.000000
1.413080 -1.413080 1.413080 0.706541 2.000000
1.413080 -1.413080 1.413080 1.413080 2.000000
1.413080 -0.706541 -1.413080 -1.413080 1.000000
1.413080 -0.706541 -1.413080 -0.706541 1.000000
1.413080 -0.706541 -1.413080 0.000000 1.000000
1.413080 -0.706541 -1.413080 0.706541 1.000000
1.413080 -0.706541 -1.413080 1.413080 1.000000
1.413080 -0.706541 -0.706541 -1.413080 1.000000
1.413080 -0.706541 -0.706541 -0.706541 1.000000
1.413080 -0.706541 -0.706541 0.000000 1.000000
1.413080 -0.706541 -0.706541 0.706541 1.000000
1.413080 -0.706541 -0.706541 1.413080 0.000000
1.413080 -0.706541 0.000000 -1.413080 1.000000
1.413080 -0.706541 0.000000 -0.706541 1.000000
1.413080 -0.706541 0.000000 0.000000 1.000000
1.413080 -0.706541 0.000000 0.706541 2.000000
1.413080 -0.706541 0.000000 1.413080 2.000000
1.413080 -0.706541 0.706541 -1.413080 1.000000
1.413080 -0.706541 0.706541 -0.706541 1.000000
1.413080 -0.706541 0.706541 0.000000 2.000000
1.413080 -0.706541 0.706541 0.706541 2.000000
1.413080 -0.706541 0.706541 1.413080 2.000000
1.413080 -0.706541 1.413080 -1.413080 1.000000
1.413080 -0.706541 1.413080 -0.706541 0.000000
1.413080 -0.706541 1.413080 0.000000 2.000000
1.413080 -0.706541 1.413080 0.706541 2.000000
1.413080 -0.706541 1.413080 1.413080 2.000000
1.413080 0.000000 -1.413080 -1.413080 1.000000
1.413080 0.000000 -1.413080 -0.706541 1.000000
1.413080 0.000000 -1.413080 0.000000 1.000000
1.413080 0.000000 -1.413080 0.706541 1.000000
1.413080 0.000000 -1.413080 1.413080 1.000000
1.413080 0.000000 -0.706541 -1.413080 1.000000
1.413080 0.000000 -0.706541 -0.706541 1.000000
1.413080 0.000000 -0.706541 0.000000 1.000000
1.413080 0.000000 -0.706541 0.706541 1.000000
1.413080 0.000000 -0.706541 1.413080 1.000000
1.413080 0.000000 0.000000 -1.413080 1.000000
1.413080 0.000000 0.000000 -0.706541 1.000000
1.413080 0.000000 0.000000 0.000000 1.000000
1.413080 0.000000 0.000000 0.706541 1.000000
1.413080 0.000000 0.000000 1.413080 0.000000
1.413080 0.000000 0.706541 -1.413080 1.000000
1.413080 0.000000 0.706541 -0.706541 1.000000
1.413080 0.000000 0.706541 0.000000 1.000000
1.413080 0.000000 0.706541 0.706541 2.000000
1.413080 0.000000 0.706541 1.413080 2.000000
1.413080 0.000000 1.413080 -1.413080 1.000000
1.413080 0.000000 1.413080 -0.706541 1.000000
1.413080 0.000000 1.413080 0.000000 0.000000
1.413080 0.000000 1.413080 0.706541 2.000000
1.413080 0.000000 1.413080 1.413080 2.000000
1.413080 0.706541 -1.413080 -1.413080 1.000000
1.413080 0.706541 -1.413080 -0.706541 1.000000
1.413080 0.706541 -1.413080 0.000000 1.000000
1.413080 0.706541 -1.413080 0.706541 1.000000
1.413080 0.706541 -1.413080 1.413080 1.000000
1.413080 0.706541 -0.706541 -1.413080 1.000000
1.413080 0.706541 -0.706541 -0.706541 1.000000
1.413080 0.706541 -0.706541 0.000000 1.000000
1.413080 0.706541 -0.706541 0.706541 1.000000
1.413080 0.706541 -0.706541 1.413080 1.000000
1.413080 0.706541 0.000000 -1.413080 1.000000
1.413080 0.706541 0.000000 -0.706541 1.000000
1.413080 0.706541 0.000000 0.000000 1.000000
1.413080 0.706541 0.000000 0.706541 1.000000
1.413080 0.706541 0.000000 1.413080 1.000000
1.413080 0.706541 0.706541 -1.413080 1.000000
1.413080 0.706541 0.706541 -0.706541 1.000000
1.413080 0.706541 0.706541 0.000000 1.000000
1.413080 0.706541 0.706541 0.706541 1.000000
1.413080 0.706541 0.706541 1.413080 0.000000
1.413080 0.706541 1.413080 -1.413080 1.000000
1.413080 0.706541 1.413080 -0.706541 1.000000
1.413080 0.706541 1.413080 0.000000 1.000000
1.413080 0.706541 1.413080 0.706541 0.000000
1.413080 0.706541 1.413080 1.413080 2.000000
1.413080 1.413080 -1.413080 -1.413080 1.000000
1.413080 1.413080 -1.413080 -0.706541 1.000000
1.413080 1.413080 -1.413080 0.000000 1.000000
1.413080 1.413080 -1.413080 0.706541 1.000000
1.413080 1.413080 -1.413080 1.413080 1.000000
1.413080 1.413080 -0.706541 -1.413080 1.000000
1.413080 1.413080 -0.706541 -0.706541 1.000000
1.413080 1.413080 -0.706541 0.000000 1.000000
1.413080 1.413080 -0.706541 0.706541 1.000000
1.413080 1.413080 -0.706541 1.413080 1.000000
1.413080 1.413080 0.000000 -1.413080 1.000000
1.413080 1.413080 0.000000 -0.706541 1.000000
1.413080 1.413080 0.000000 0.000000 1.000000
1.413080 1.413080 0.000000 0.706541 1.000000
1.413080 1.413080 0.000000 1.413080 1.000000
1.413080 1.413080 0.706541 -1.413080 1.000000
1.413080 1.413080 0.706541 -0.706541 1.000000
1.413080 1.413080 0.706541 0.000000 1.000000
1.413080 1.413080 0.706541 0.706541 1.000000
1.413080 1.413080 0.706541 1.413080 1.000000
1.413080 1.413080 1.413080 -1.413080 1.000000
1.413080 1.413080 1.413080 -0.706541 1.000000
1.413080 1.413080 1.413080 0.000000 1.000000
1.413080 1.413080 1.413080 0.706541 1.000000
1.413080 1.413080 1.413080 1.413080 0.000000
