120 167 1
121 171 1
122 174 1
123 169 1
124 180 1
126 188 1
128 174 1
129 196 1
129 185 1
132 185 1
132 178 1
133 192 1
134 191 1
135 200 1
138 209 1
138 193 1
141 198 1
142 205 1
147 202 1
148 209 1
149 203 1
151 215 1
156 152 2
157 165 2
157 160 2
157 173 2
159 207 1
159 158 2
160 208 1
161 152 2
162 145 2
162 172 2
164 180 2
164 212 1
165 165 2
165 146 2
165 152 2
165 212 1
165 161 2
166 167 2
166 214 1
168 180 2
169 141 2
171 152 2
172 207 1
174 209 1
175 214 1
175 149 2
177 140 2
177 53 1
178 217 1
178 144 2
179 50 1
179 213 1
180 44 1
181 50 1
181 214 1
182 147 2
182 69 1
182 210 1
184 142 2
184 78 1
185 61 1
185 54 1
186 143 2
186 212 1
187 79 1
187 45 1
187 63 1
188 57 1
189 59 1
189 152 2
189 71 1
189 78 1
189 53 1
189 40 1
189 46 1
189 211 1
189 217 1
189 41 1
190 78 1
190 212 1
192 82 1
192 43 1
192 218 1
193 149 2
193 33 1
193 152 2
193 41 1
195 36 1
195 68 1
195 82 1
196 159 2
196 95 1
196 32 1
197 37 1
197 87 1
198 77 1
198 27 1
198 151 2
198 154 2
199 208 1
200 217 1
202 30 1
202 220 1
202 210 1
202 212 1
203 96 1
203 101 1
204 83 1
205 88 1
206 28 1
207 212 1
208 114 1
208 108 1
209 95 1
210 25 1
212 124 1
212 99 1
212 215 1
212 213 1
213 111 1
214 28 1
215 209 1
215 104 1
215 116 1
215 139 1
215 117 1
217 211 1
218 133 1
218 153 1
219 127 1
219 120 1
219 147 1
219 24 1
220 20 1
220 144 1
221 202 1
221 139 1
221 204 1
221 143 1
221 154 1
221 24 1
221 215 1
222 206 1
222 151 1
222 189 1
223 19 1
223 190 1
224 174 1
224 25 1
224 193 1
224 165 1
224 157 1
225 153 1
225 204 1
226 184 1
227 162 1
227 199 1
228 26 1
228 170 1
229 71 3
229 63 3
230 20 1
230 177 1
231 167 1
233 19 1
233 203 1
233 191 1
234 25 1
234 184 1
237 23 1
237 76 3
238 28 1
239 84 3
241 20 1
243 29 1
243 23 1
243 21 1
245 93 3
245 29 1
246 86 3
246 23 1
248 85 3
251 90 3
251 102 3
252 20 1
253 26 1
254 96 3
255 94 3
255 29 1
258 106 3
258 98 3
259 22 1
260 30 1
260 27 1
262 30 1
263 100 3
263 28 1
263 22 1
264 107 3
265 36 1
265 33 1
266 19 1
270 23 1
270 105 3
272 29 1
273 23 1
273 109 3
274 34 1
275 40 1
276 106 3
279 110 3
279 24 1
280 32 1
283 34 1
283 42 1
285 28 1
285 30 1
285 24 1
286 30 1
288 38 1
288 112 3
290 43 1
291 37 1
291 52 1
291 31 1
293 54 1
293 154 4
294 111 3
295 46 1
295 29 1
295 162 4
297 43 1
297 114 3
297 169 4
298 33 1
299 154 4
300 158 4
300 62 1
301 52 1
301 39 1
301 43 1
301 33 1
302 75 1
302 29 1
302 165 4
303 175 4
303 161 4
305 46 1
305 115 3
305 65 1
306 63 1
306 71 1
306 72 1
306 50 1
306 171 4
306 53 1
307 38 1
307 109 3
308 64 1
309 35 1
309 178 4
309 44 1
310 169 4
311 47 1
311 114 3
311 176 4
311 110 3
312 42 1
312 53 1
315 61 1
316 172 4
317 181 4
319 107 3
321 111 3
324 180 4
325 172 4
325 176 4
326 116 3
329 168 4
329 180 4
331 106 3
332 173 4
335 111 3
337 168 4
338 162 4
338 177 4
338 105 3
339 160 4
340 164 4
343 109 3
343 152 4
343 99 3
344 170 4
344 174 4
345 100 3
346 155 4
346 160 4
348 164 4
350 103 3
353 95 3
355 101 3
364 99 3
364 93 3
367 108 3
369 116 3
370 123 3
371 97 3
371 129 3
372 132 3
372 106 3
374 118 3
375 129 3
375 134 3
